000000000000000000001111111000000000
000000000000000000001000001000000000
000000000000000011111111101000000000
000000000000000010001000101000000000
000000000000111111111110101000000000
000000000000100010001010101000000000
000000001111111111111111111000000000
000000001000100010001010100000000000
000000001000100010001010100000000000
000000001000100010001010100000000000
000000001000100011111111100000000000
000000001000100000001010000000000000
000000001000100000001010000000000000
000000001000100000001010000000000000
000000001000111111111110000000000000
000000001000000000001000000000000000
000000001000000000001000000000000000
000000001000000000001000000000000000
000000001111111111111000000000000000
000000000000000000000000000000000000
